       star04ij    272.863708    -17.837167   11   3   0.020   0.009   8.420   0.027   0.017   12   6   0.019   0.005  15.711   0.136   0.050
       star05ij    272.947583    -19.487639   19   2   0.014   0.000   9.313   0.016   0.029    0   0   0.000   0.000   0.000   0.000   0.000
       star06ij    273.314917    -18.022917   13   4   0.015   0.006   8.026   0.039   0.022    9   5   0.012   0.003  15.297   0.131   0.039
       star07ij    273.347417    -18.971806   12   8   0.023   0.009   8.874   0.038   0.034    9   5   0.026   0.006  14.988   0.049   0.032
       star09ij    273.454583    -18.775917   13   2   0.012   0.000   8.259   0.035   0.029   12  10   0.026   0.006  15.387   0.163   0.044
       star10ij    273.528417    -19.105639   12   6   0.022   0.003   7.799   0.039   0.017   11  10   0.030   0.013  14.993   0.126   0.044
       star11ij    273.691125    -17.631944   13   6   0.015   0.003   9.823   0.042   0.018    0   0   0.000   0.000   0.000   0.000   0.000
       star16ij    273.921292    -16.779361   13   5   0.025   0.010   7.956   0.044   0.020   10   9   0.030   0.010  14.508   0.097   0.029
       star17ij    273.992875    -16.974389   34   5   0.027   0.013   9.209   0.034   0.028    0   0   0.000   0.000   0.000   0.000   0.000
       star20ij    274.316625    -14.098139   12   4   0.024   0.009   7.362   0.021   0.019   11   5   0.018   0.007  13.226   0.051   0.014
       star21ij    274.369583    -16.627806   14   2   0.020   0.000   8.495   0.026   0.030    9   8   0.026   0.011  15.860   0.090   0.049
       star22ij    274.423417    -13.941083    7   3   0.023   0.007   7.682   0.029   0.018   10   9   0.026   0.009  14.295   0.124   0.027
       star23ij    274.467125    -17.252306   13   5   0.022   0.003  10.297   0.021   0.031    0   0   0.000   0.000   0.000   0.000   0.000
       star25ij    274.685375    -16.852472   12   1   0.000   0.000  11.300   0.019   0.025    0   0   0.000   0.000   0.000   0.000   0.000
       star26ij    274.694208    -16.582472   14   1   0.002   0.000   9.156   0.027   0.021    0   0   0.000   0.000   0.000   0.000   0.000
       star33ij    275.278667    -15.061083   14   1   0.000   0.000   8.100   0.045   0.027   12  12   0.023   0.010  15.371   0.115   0.043
       star34ij    275.285417    -15.535833   11   4   0.018   0.007   8.352   0.037   0.017   10   5   0.035   0.009  15.100   0.155   0.035
       star35ij    275.351250    -13.924500   12   9   0.030   0.011   7.521   0.027   0.019   11   7   0.030   0.007  13.581   0.107   0.018
       star37ij    275.767167    -13.904444    9   5   0.029   0.009   7.700   0.022   0.024    9   5   0.031   0.015  13.763   0.027   0.020
       star38ij    275.796625    -13.966139   13   2   0.037   0.008   7.916   0.033   0.025   10   6   0.027   0.007  14.426   0.058   0.025
       star39ij    276.041167    -11.022667    9   8   0.022   0.007   6.893   0.022   0.029    9   6   0.024   0.009  11.500   0.043   0.008
       star40ij    276.296542    -11.682389   10   4   0.031   0.019   7.020   0.043   0.025   10   7   0.171   0.076  12.742   0.269   0.017
       star41ij    276.432375    -11.893556    9  11   0.027   0.014   6.843   0.012   0.014   10   9   0.019   0.006  10.814   0.015   0.008
       star42ij    276.580000    -14.113528   12   3   0.018   0.006   7.416   0.099   0.036   11  34   0.043   0.082  13.700   0.153   0.019
       star45ij    277.301250    -12.328028   12   4   0.017   0.003   7.523   0.010   0.018    9   6   0.030   0.006  12.639   0.019   0.011
       star46ij    277.578625    -10.333306   11   6   0.020   0.007   6.983   0.026   0.021    7   5   0.032   0.019  11.747   0.088   0.012
       star47ij    277.769083    -10.907194   13   8   0.028   0.010   7.894   0.039   0.043   11   8   0.035   0.012  14.675   0.064   0.030
       star48ij    277.995125    -11.322500   12   2   0.022   0.000   7.338   0.036   0.020   11  12   0.031   0.018  13.582   0.060   0.017
       star50ij    278.434917     -6.996444   11   5   0.032   0.012   7.131   0.065   0.035   11   6   0.035   0.016  13.266   0.224   0.015
       star54ij    278.870750     -7.353528   13   2   0.006   0.000   9.921   0.030   0.023    0   0   0.000   0.000   0.000   0.000   0.000
       star55ij    278.894875     -7.946694   55   5   0.025   0.007   9.107   0.031   0.036    0   0   0.000   0.000   0.000   0.000   0.000
       star56ij    278.954625     -7.578639   12   6   0.019   0.007   8.705   0.154   0.049    7   8   0.020   0.009  16.168   0.089   0.063
       star57ij    278.964708     -7.503194   14   1   0.000   0.000   9.816   0.030   0.042    0   0   0.000   0.000   0.000   0.000   0.000
       star58ij    279.443667     -7.206833   13   2   0.018   0.000   9.751   0.023   0.032    0   0   0.000   0.000   0.000   0.000   0.000
       star59ij    280.394917     -4.816111   13   4   0.033   0.008   7.880   0.037   0.037   10  11   0.031   0.015  13.844   0.076   0.020
       star60ij    280.451250     -4.814694   12   2   0.021   0.000   8.220   0.023   0.036   10  13   0.041   0.033  14.546   0.064   0.026
       star61ij    280.571208     -4.688028   13   3   0.023   0.004  11.449   0.064   0.032    0   0   0.000   0.000   0.000   0.000   0.000
       star62ij    280.676250     -4.681500   13   5   0.024   0.006   7.530   0.031   0.019   11  12   0.022   0.010  13.219   0.083   0.015
       star63ij    280.686708     -4.565944   12   4   0.029   0.004   7.048   0.030   0.025   10  15   0.021   0.008  11.991   0.038   0.012
       star64ij    280.717542     -3.771750   14   5   0.037   0.014   9.236   0.036   0.036    0   0   0.000   0.000   0.000   0.000   0.000
       star65ij    280.783250     -3.940028   12   5   0.018   0.004  11.651   0.027   0.026    0   0   0.000   0.000   0.000   0.000   0.000
       star66ij    281.109042     -3.591000   12   2   0.036   0.038   8.569   0.066   0.023    8  13   0.029   0.013  15.969   0.113   0.056
       star67ij    281.685000     -3.401417   15   4   0.027   0.008   9.340   0.027   0.034    0   0   0.000   0.000   0.000   0.000   0.000
       star68ij    281.686542     -3.058806   10   2   0.024   0.000   7.908   0.031   0.027   10   2   0.015   0.000  14.494   0.032   0.025
       star69ij    281.973250     -1.787556   13   9   0.020   0.008   8.896   0.015   0.019    3   9   0.013   0.006  16.514   0.058   0.064
       star70ij    282.124917     -2.197111   14   2   0.026   0.000   8.175   0.036   0.027    0   0   0.000   0.000   0.000   0.000   0.000
       star72ij    283.643208      1.884583   14   1   0.000   0.000  10.299   0.046   0.025    0   0   0.000   0.000   0.000   0.000   0.000
       star74ij    284.243792      1.581083    9   8   0.030   0.011   7.659   0.017   0.017   11   6   0.020   0.010  12.890   0.026   0.014
       star75ij    284.517958      2.261417   12   3   0.038   0.013   7.248   0.050   0.030    0   0   0.000   0.000   0.000   0.000   0.000
       star77ij    285.051208      3.207167   11   4   0.041   0.017   7.021   0.020   0.033    0   0   0.000   0.000   0.000   0.000   0.000
       star78ij    285.075417      3.428111   10   2   0.024   0.000   7.478   0.040   0.013    0   0   0.000   0.000   0.000   0.000   0.000
       star83ij    286.538833      5.978917   10   1   0.000   0.000   6.955   0.067   0.038    0   0   0.000   0.000   0.000   0.000   0.000
       star84ij    287.607083      8.314444    9   2   0.017   0.000   7.540   0.049   0.014    0   0   0.000   0.000   0.000   0.000   0.000
       star85ij    288.249667      9.800361   11   6   0.035   0.010   7.148   0.172   0.038    0   0   0.000   0.000   0.000   0.000   0.000
       star86ij    288.254500     10.033167   12   4   0.028   0.010   7.213   0.031   0.017    0   0   0.000   0.000   0.000   0.000   0.000
       star87ij    288.558875     10.467278   14   2   0.020   0.002   7.882   0.020   0.045    0   0   0.000   0.000   0.000   0.000   0.000
       star91ij    290.435958     13.622889   12   2   0.041   0.003   7.885   0.036   0.034    0   0   0.000   0.000   0.000   0.000   0.000
